45
71
32
95
51
59
54
81
55
6
56
60
44
30
33
61
42
40
79
97
89
93
47
61
71
12
67
39
91
57
10
25
31
95
1
66
11
15
87
43
25
25
37
25
83
84
6
29
44
37
39
52
61
51
77
64
26
85
18
75
82
21
75
23
51
95
43
57
75
87
33
45
34
100
41
7
34
9
25
67
71
60
64
12
65
67
20
31
28
24
21
55
16
43
87
20
85
91
85
13
49
13
95
57
48
70
92
90
37
99
73
33
11
42
90
81
77
30
10
33
91
48
31
42
48
28
38
22
61
11
40
70
84
57
35
72
87
66
77
9
69
38
8
43
33
25
28
32
11
61
59
77
55
10
96
14
62
85
27
56
72
2
46
54
2
4
63
27
23
63
44
96
78
98
62
38
53
76
88
87
54
31
52
98
92
52
97
31
28
36
78
21
33
31
77
93
89
15
87
12
24
46
6
84
70
56
58
100
78
98
69
6
78
36
74
10
79
45
75
21
10
66
39
57
78
55
85
90
11
39
3
54
25
68
10
68
74
30
89
29
52
25
97
44
37
95
3
27
86
45
54
73
16
71
54
51
16
23
27
21
77
2
36
43
100
73
35
93
87
65
25
17
84
49
20
79
15
23
41
97
100
12
41
11
65
16
35
39
85
9
35
52
64
42
57
98
76
50
40
43
26
58
6
88
45
33
87
89
48
49
33
33
76
24
62
32
23
34
76
63
35
28
55
89
17
63
52
97
11
23
73
97
14
86
99
15
72
2
97
82
18
73
31
68
54
71
82
14
13
62
77
3
80
85
62
23
48
8
28
6
91
79
44
5
50
19
47
77
93
98
32
24
38
71
12
1
32
47
40
45
94
73
3
14
21
70
10
85
57
100
75
67
57
36
13
80
86
3
96
92
22
84
82
51
23
47
31
95
64
36
56
61
91
96
46
74
56
97
16
27
98
3
79
24
73
22
55
38
36
74
15
37
77
18
24
67
67
16
6
41
62
70
21
97
63
6
32
21
30
11
15
73
29
80
80
43
52
97
2
7
36
9
59
84
25
45
23
82
85
97
50
42
73
30
86
95
95
95
80
73
43
45
58
48
53
2
32
13
67
96
81
36
31
83
75
66
30
73
93
89